1	0.460603	4.036935
2	0.926136	2.042169
3	0.484796	4.815013
4	0.477248	3.802534
5	1.797935	0.951575
6	1.580452	1.707383
7	0.802484	1.94865
8	0.818284	3.295567
9	0.726587	1.8586
10	0.838119	1.691813
11	0.52984	3.540208
12	0.486991	5.033705
13	0.492307	2.942836
14	0.593431	2.221202
15	0.546228	2.809083
16	0.611404	2.511599
17	0.486861	4.573121
18	0.524022	3.139392
19	0.443252	5.533919
20	0.431705	3.742122
21	0.496124	2.471622
22	0.443966	4.20082
23	0.423763	3.743304
24	0.395317	4.153594
25	0.433187	3.946692
26	0.44645	4.849981
27	0.470652	4.376553
28	0.39232	4.028076
29	0.554552	1.73632
30	0.824786	2.415965
31	0.408777	4.082234
32	0.776517	3.039999
33	0.438807	4.145799
34	0.62622	2.807064
35	1.76163	2.53576
36	0.435156	4.126322
37	0.658412	3.001299
38	0.495159	2.993876
39	0.462761	2.839346
40	0.520767	3.263039
41	0.397108	5.498664
42	0.442842	4.211452
43	0.636248	4.692169
44	0.447439	4.47954
45	0.802316	2.890382
46	0.429817	4.571469
47	0.485358	2.510312
48	0.627607	2.513591
49	0.886917	5.522044
50	0.669836	3.077811
51	1.04955	2.508882
52	0.430428	3.818509
53	0.598502	3.417552
54	1.058092	1.321589
55	0.94888	1.361231
56	0.433584	3.33505
57	0.520583	6.523265
58	0.6222	2.777712
59	0.565262	1.989381
60	0.599922	3.043029
61	0.841114	2.486216
62	0.695267	4.141165
63	0.503489	4.205374
64	0.520976	2.783778
65	0.723065	1.391728
66	0.633694	2.581403
67	0.78129	2.500342
68	0.740806	1.616713
69	1.834355	1.98533
70	0.93482	2.848649
71	0.562853	4.993664
72	0.829563	1.915433
73	0.7113	2.786082
74	0.459537	4.276663
75	2.037156	5.14459
76	0.522623	4.112794
77	0.578085	2.197496
78	0.512195	3.029601
79	0.899778	2.166376
80	0.743841	1.246297
81	0.472981	3.251338
82	0.432831	3.521308
83	0.597049	2.350603
84	0.50905	3.880557
85	0.476588	3.287747
86	2.724831	1.432173
87	0.860226	4.47993
88	0.766453	2.172401
89	0.434588	5.327745
90	1.022103	2.146098
91	0.709256	1.80852
92	1.40307	5.020153
93	0.765393	2.39791
94	0.67384	2.807989
95	0.517628	3.402598
96	0.657458	2.580548
97	0.496513	3.20746
98	1.289341	5.938153
99	1.913253	2.398398
100	0.478098	4.377156
101	0.687203	2.203318
102	1.289714	8.494149
103	0.469837	3.006522
104	0.438535	3.364926
105	0.661699	2.389295
106	0.705626	3.527684
107	0.572661	3.351596
108	0.684679	1.582545
109	1.285588	2.856656
110	0.727652	4.018478
111	0.695517	2.257395
112	0.476763	3.214284
113	0.724439	3.002317
114	1.072376	2.665195
115	0.885559	1.360269
116	0.577824	2.414885
117	0.537937	2.928948
118	0.426413	3.233595
119	0.741856	3.323302
120	0.582384	2.613795
121	0.896113	2.340063
122	0.741118	1.645807
123	0.663367	1.520821
124	0.565632	5.505865
125	1.310085	0.395237
126	1.988052	0.438123
127	2.113305	3.887985
128	0.724156	2.137509
129	0.586958	2.910516
130	1.048652	3.615811
131	0.57573	3.788376
132	0.48559	3.305604
133	0.657351	2.559784
134	0.582378	2.424503
135	0.771062	1.379381
136	0.666156	2.899498
137	1.536193	1.756217
138	0.602639	2.497922
139	0.697978	2.481878
140	1.545608	3.072927
141	1.288206	2.471415
142	0.573081	2.095971
143	0.672411	2.071473
144	0.577807	2.429037
145	1.438632	1.251717
146	0.582294	2.347573
147	1.675077	1.709959
148	0.879779	2.967392
149	0.505033	3.569466
150	0.61498	2.891355
151	0.706466	3.42951
152	1.156895	2.620778
153	0.607664	3.302513
154	0.517511	3.21977
155	0.8128	2.361203
156	0.522541	3.546096
157	0.536229	2.880202
158	1.018126	1.817896
159	0.827683	2.289272
160	0.52793	2.910796
161	0.776874	3.683494
162	1.06309	1.484744
163	0.859355	2.80217
164	0.851103	1.975559
165	0.749174	1.572178
166	0.556425	2.992364
167	0.8611	2.62361
168	1.0903	1.850346
169	0.634008	2.766161
170	1.218239	1.632412
171	0.632493	2.652936
172	0.974962	2.024882
173	0.589498	2.301364
174	0.56251	3.22003
175	0.553064	2.571715
176	1.190967	3.787887
177	0.626058	7.596013
178	0.721211	2.305436
179	0.892007	2.434849
180	0.511588	2.410421
181	0.575126	3.389392
182	0.774833	2.109497
183	0.50136	3.280603
184	0.530211	2.967384
185	0.847147	2.523526
186	1.088482	1.127844
187	0.788369	1.69255
188	0.679824	2.510338
189	0.70124	3.562111
190	0.874423	1.651264
191	0.701042	2.631452
192	0.783565	2.216532
193	0.646409	1.623878
194	1.187983	1.335275
195	1.427788	1.364376
196	0.664149	3.023089
197	0.733291	2.135438
198	0.622056	2.856618
199	0.523802	2.668186
200	0.555638	3.803787
201	0.458012	3.418946
202	0.477685	3.957951
203	0.535634	2.760918
204	0.645137	2.75115
205	0.800295	3.613486
206	0.49443	3.542044
207	0.954058	1.171967
208	0.618169	3.273139
209	1.260264	2.960623
210	0.595843	3.166064
211	0.492287	4.114307
212	1.014584	1.477703
213	0.59775	3.770301
214	0.665363	2.949078
215	0.961337	1.961322
216	0.822813	2.159754
217	0.756658	2.505263
218	0.750428	3.917967
219	0.559468	3.294916
220	0.619262	2.626474
221	0.613369	2.431853
222	0.775084	1.670123
223	0.478616	3.429337
224	1.374652	0.482708
225	0.701448	2.837449
226	0.63397	3.394817
227	0.548913	3.503299
228	0.52391	3.114571
229	0.461505	3.651785
230	0.578247	3.609296
231	0.420098	4.052763
232	0.584177	4.201337
233	0.438079	4.545879
234	0.664933	2.459841
235	0.566372	2.551519
236	0.681868	3.893612
237	0.570023	2.955678
238	1.894714	3.033427
239	1.476821	1.778519
240	0.614387	2.682334
241	0.94397	3.077427
242	0.772972	2.18931
243	0.425077	3.583528
244	0.869227	2.802714
245	0.955778	2.556972
246	0.563436	2.826023
247	0.787458	1.528144
248	0.963621	1.716241
249	0.810602	2.014936
250	0.595688	2.70613
251	0.963069	2.102847
252	1.451749	3.129238
253	1.274059	1.36631
254	0.772934	2.627742
255	0.791735	2.575038
256	0.510636	3.271907
257	0.462662	4.607818
258	0.627723	3.295476
259	0.551397	2.957578
260	0.801797	1.616771
261	0.535065	2.897461
262	0.64822	3.199276
263	0.809021	1.607161
264	0.843156	2.391254
265	0.541287	2.575278
266	0.753171	3.570936
267	0.676988	2.345167
268	0.637457	3.680969
269	0.546495	3.467113
270	1.05229	2.571453
271	0.601748	3.226763
272	0.656793	2.445946
273	0.659598	2.287687
274	0.464766	3.999736
275	0.740972	1.578039
276	0.607476	2.247296
277	0.566779	3.033997
278	0.818577	3.426532
279	0.895851	2.362636
280	1.040439	1.545941
281	0.540557	4.841208
282	0.608836	3.162928
283	0.633917	2.402834
284	0.798981	2.143002
285	0.608584	2.328131
286	0.534684	2.731429
287	1.128642	1.789776
288	0.544563	4.712605
289	0.584763	2.158869
290	0.67046	2.772417
291	0.562929	2.556577
292	0.659817	3.096292
293	1.072423	2.689551
294	0.649026	2.921673
295	0.76419	2.30083
296	0.492163	3.084803
297	0.532206	6.210693
298	1.577111	1.69347
299	0.610926	3.203411
300	0.693716	4.100044
